function function1=fun1cc(T,shuru)
%function1=T*shuru;
cc=[6.383359708
6.39390703
6.410866135
6.434491946
6.464859356
6.501323133
6.543058018
6.589238749
6.639040066
6.691636707
6.746112191
6.801185151
6.855482999
6.907633149
6.956263011
7
7.037522694
7.067714346
7.089509373
7.101842194
7.103647229
7.093858897
7.071574693
7.036544427
6.988680987
6.927897259
6.854106132
6.767220491
6.667332022
6.555247598
6.431952888
6.298433562
6.155675291
6.004663743
5.846474992
5.682546716
5.514406997
5.343583917
5.171605557
5
4.830242796
4.663599375
4.501282635
4.344505476
4.194480796
4.052421494
3.919385851
3.795813674
3.681990151
3.578200471
3.484729823
3.401863395
3.329690539
3.267517267
3.214453753
3.169610171
3.132096695
3.1010235
3.075500761
3.054638651
3.037547346
3.023337019
3.011117846
3
2.877386287
2.755470281
2.634220254
2.51360448
2.393591233
2.274148785
2.15524541
2.036849382
1.918928973
1.801452457
1.684388109
1.5677042
1.451546201
1.336768371
1.224402165
1.115479037
1.011030444
0.912087841
0.819720555
0.735149406
0.659633084
0.594430281
0.540799689
0.5
0.473202619
0.461229813
0.464816561
0.484697844
0.521608642
0.576283937
0.649270102
0.740359083
0.84915422
0.975258852
1.118276321
1.277809966
1.453278346
1.643360908
1.846552316
2.061347237
2.286240335
2.519726276
2.760221981
3.00583339
3.254588701
3.504516109
3.75364381
4
4.241689206
4.477121275
4.704782386
4.923158716
5.130736443
5.326001745
5.507632212
5.675071081
5.827953002
5.965912623
6.088584595
6.195603567
6.28680743
6.362847043
6.424576507
6.472849923
6.508521392
6.532445014
6.545580855
6.54931284
6.545130858
6.534524798
6.518984549
6.5
6.479016796
6.457303598
6.436084824
6.416584891
6.400028215
6.387639214
6.380480723
6.378969247
6.383359708
6.39390703
6.410866135
6.434491946
6.464859356
6.501323133
6.543058018
6.589238749
6.639040066
6.691636707
6.746112191
6.801185151
6.855482999
6.907633149
6.956263011
7
7.037522694
7.067714346
7.089509373
7.101842194
7.103647229
7.093858897
7.071574693
7.036544427
6.988680987
6.927897259
6.854106132
6.767220491
6.667332022
6.555247598
6.431952888
6.298433562
6.155675291
6.004663743
5.846474992
5.682546716
5.514406997
5.343583917
5.171605557
5
4.830242796
4.663599375
4.501282635
4.344505476
4.194480796
4.052421494
3.919385851
3.795813674
3.681990151
3.578200471
3.484729823
3.401863395
3.329690539
3.267517267
3.214453753
3.169610171
3.132096695
3.1010235
3.075500761
3.054638651
3.037547346
3.023337019
3.011117846
3
2.877386287
2.755470281
2.634220254
2.51360448
2.393591233
2.274148785
2.15524541
2.036849382
1.918928973
1.801452457
1.684388109
1.5677042
1.451546201
1.336768371
1.224402165
1.115479037
1.011030444
0.912087841
0.819720555
0.735149406
0.659633084
0.594430281
0.540799689
0.5
0.473202619
0.461229813
0.464816561
0.484697844
0.521608642
0.576283937
0.649270102
0.740359083
0.84915422
0.975258852
1.118276321
1.277809966
1.453278346
1.643360908
1.846552316
2.061347237
2.286240335
2.519726276
2.760221981
3.00583339
3.254588701
3.504516109
3.75364381
4
4.241689206
4.477121275
4.704782386
4.923158716
5.130736443
5.326001745
5.507632212
5.675071081
5.827953002
5.965912623
6.088584595
6.195603567
6.28680743
6.362847043
6.424576507
6.472849923
6.508521392
6.532445014
6.545580855
6.54931284
6.545130858
6.534524798
6.518984549
6.5
6.479016796
6.457303598
6.436084824
6.416584891
6.400028215
6.387639214
6.380480723
6.378969247
6.383359708
6.39390703
6.410866135
6.434491946
6.464859356
6.501323133
6.543058018
6.589238749
6.639040066
6.691636707
6.746112191
6.801185151
6.855482999
6.907633149
6.956263011
7
7.037522694
7.067714346
7.089509373
7.101842194
7.103647229
7.093858897
7.071574693
7.036544427
6.988680987
6.927897259
6.854106132
6.767220491
6.667332022
6.555247598
6.431952888
6.298433562
6.155675291
6.004663743
5.846474992
5.682546716
5.514406997
5.343583917
5.171605557
5
4.830242796
4.663599375
4.501282635
4.344505476
4.194480796
4.052421494
3.919385851
3.795813674
3.681990151
3.578200471
3.484729823
3.401863395
3.329690539
3.267517267
3.214453753
3.169610171
3.132096695
3.1010235
3.075500761
3.054638651
3.037547346
3.023337019
3.011117846
3
2.877386287
2.755470281
2.634220254
2.51360448
2.393591233
2.274148785
2.15524541
2.036849382
1.918928973
1.801452457
1.684388109
1.5677042
1.451546201
1.336768371
1.224402165
1.115479037
1.011030444
0.912087841
0.819720555
0.735149406
0.659633084
0.594430281
0.540799689
0.5
0.473202619
0.461229813
0.464816561
0.484697844
0.521608642
0.576283937
0.649270102
0.740359083
0.84915422
0.975258852
1.118276321
1.277809966
1.453278346
1.643360908
1.846552316
2.061347237
2.286240335
2.519726276
2.760221981
3.00583339
3.254588701
3.504516109
3.75364381
4
4.241689206
4.477121275
4.704782386
4.923158716
5.130736443
5.326001745
5.507632212
5.675071081
5.827953002
5.965912623
6.088584595
6.195603567
6.28680743
6.362847043
6.424576507
6.472849923
6.508521392
6.532445014
6.545580855
6.54931284
6.545130858
6.534524798
6.518984549
6.5
6.479016796
6.457303598
6.436084824
6.416584891
6.400028215
6.387639214
6.380480723
6.378969247
6.383359708
6.39390703
6.410866135
6.434491946
6.464859356
6.501323133
6.543058018
6.589238749
6.639040066
6.691636707
6.746112191
6.801185151
6.855482999
6.907633149
6.956263011
7
7.037522694
7.067714346
7.089509373
7.101842194
7.103647229
7.093858897
7.071574693
7.036544427
6.988680987
6.927897259
6.854106132
6.767220491
6.667332022
6.555247598
6.431952888
6.298433562
6.155675291
6.004663743
5.846474992
5.682546716
5.514406997
5.343583917
5.171605557
5
4.830242796
4.663599375
4.501282635
4.344505476
4.194480796
4.052421494
3.919385851
3.795813674
3.681990151
3.578200471
3.484729823
3.401863395
3.329690539
3.267517267
3.214453753
3.169610171
3.132096695
3.1010235
3.075500761
3.054638651
3.037547346
3.023337019
3.011117846
3
2.877386287
2.755470281
2.634220254
2.51360448
2.393591233
2.274148785
2.15524541
2.036849382
1.918928973
1.801452457
1.684388109
1.5677042
1.451546201
1.336768371
1.224402165
1.115479037
1.011030444
0.912087841
0.819720555
0.735149406
0.659633084
0.594430281
0.540799689
0.5
0.473202619
0.461229813
0.464816561
0.484697844
0.521608642
0.576283937
0.649270102
0.740359083
0.84915422
0.975258852
1.118276321
1.277809966
1.453278346
1.643360908
1.846552316
2.061347237
2.286240335
2.519726276
2.760221981
3.00583339
3.254588701
3.504516109
3.75364381
4
4.241689206
4.477121275
4.704782386
4.923158716
5.130736443
5.326001745
5.507632212
5.675071081
5.827953002
5.965912623
6.088584595
6.195603567
6.28680743
6.362847043
6.424576507
6.472849923
6.508521392
6.532445014
6.545580855
6.54931284
6.545130858
6.534524798
6.518984549
6.5
6.479016796
6.457303598
6.436084824
6.416584891
6.400028215
6.387639214
6.380480723
6.378969247
6.383359708
6.39390703
6.410866135
6.434491946
6.464859356
6.501323133
6.543058018
6.589238749
6.639040066
6.691636707
6.746112191
6.801185151
6.855482999
6.907633149
6.956263011
7
7.037522694
7.067714346
7.089509373
7.101842194
7.103647229
7.093858897
7.071574693
7.036544427
6.988680987
6.927897259
6.854106132
6.767220491
6.667332022
6.555247598
6.431952888
6.298433562
6.155675291
6.004663743
5.846474992
5.682546716
5.514406997
5.343583917
5.171605557
5
4.830242796
4.663599375
4.501282635
4.344505476
4.194480796
4.052421494
3.919385851
3.795813674
3.681990151
3.578200471
3.484729823
3.401863395
3.329690539
3.267517267
3.214453753
3.169610171
3.132096695
3.1010235
3.075500761
3.054638651
3.037547346
3.023337019
3.011117846
3
2.877386287
2.755470281
2.634220254
2.51360448
2.393591233
2.274148785
2.15524541
2.036849382
1.918928973
1.801452457
1.684388109
1.5677042
1.451546201
1.336768371
1.224402165
1.115479037
1.011030444
0.912087841
0.819720555
0.735149406
0.659633084
0.594430281
0.540799689
0.5
0.473202619
0.461229813
0.464816561
0.484697844
0.521608642
0.576283937
0.649270102
0.740359083
0.84915422
0.975258852
1.118276321
1.277809966
1.453278346
1.643360908
1.846552316
2.061347237
2.286240335
2.519726276
2.760221981
3.00583339
3.254588701
3.504516109
3.75364381
4
4.241689206
