function function1=fun1cchourdl(T,shuru)
%function1=T*shuru;
cc=[6.582872189
6.925730116
6.651443775
6.925730116
6.994301701
6.102871092
4.662867801
4.52572463
4.868582557
4.868582557
4.662867801
3.428579265
2.742863412
2.674291827
1.02857378
0.617144268
0.480001097
0.411429512
0.685715853
1.577146462
4.457153045
6.240014263
6.788586945
6.857158531
6.582872189
6.925730116
6.651443775
6.925730116
6.994301701
6.102871092
4.662867801
4.52572463
4.868582557
4.868582557
4.662867801
3.428579265
2.742863412
2.674291827
1.02857378
0.617144268
0.480001097
0.411429512
0.685715853
1.577146462
4.457153045
6.240014263
6.788586945
6.857158531
6.582872189
6.925730116
6.651443775
6.925730116
6.994301701
6.102871092
4.662867801
4.52572463
4.868582557
4.868582557
4.662867801
3.428579265
2.742863412
2.674291827
1.02857378
0.617144268
0.480001097
0.411429512
0.685715853
1.577146462
4.457153045
6.240014263
6.788586945
6.857158531
6.582872189
6.925730116
6.651443775
6.925730116
6.994301701
6.102871092
4.662867801
4.52572463
4.868582557
4.868582557
4.662867801
3.428579265
2.742863412
2.674291827
1.02857378
0.617144268
0.480001097
0.411429512
0.685715853
1.577146462
4.457153045
6.240014263
6.788586945
6.857158531
6.582872189
6.925730116
6.651443775
6.925730116
6.994301701
6.102871092
4.662867801
4.52572463
4.868582557
4.868582557
4.662867801
3.428579265
2.742863412
2.674291827
1.02857378
0.617144268
0.480001097
0.411429512
0.685715853
1.577146462
4.457153045
6.240014263
6.788586945
6.857158531
6.582872189
6.925730116
6.651443775
6.925730116
6.994301701
6.102871092
4.662867801
4.52572463
4.868582557
4.868582557
4.662867801
3.428579265
2.742863412
2.674291827
1.02857378
0.617144268
0.480001097
0.411429512
0.685715853
1.577146462
4.457153045
6.240014263
6.788586945
6.857158531
6.582872189
6.925730116
6.651443775
6.925730116
6.994301701
6.102871092
4.662867801
4.52572463
4.868582557
4.868582557
4.662867801
3.428579265
2.742863412
2.674291827
1.02857378
0.617144268
0.480001097
0.411429512
0.685715853
1.577146462
4.457153045
6.240014263
6.788586945
6.857158531
6.582872189
6.925730116
6.651443775
6.925730116
6.994301701
6.102871092
4.662867801
4.52572463
4.868582557
4.868582557
4.662867801
3.428579265
2.742863412
2.674291827
1.02857378
0.617144268
0.480001097
0.411429512
0.685715853
1.577146462
4.457153045
6.240014263
6.788586945
6.857158531
6.582872189
6.925730116
6.651443775
6.925730116
6.994301701
6.102871092
4.662867801
4.52572463
4.868582557
4.868582557
4.662867801
3.428579265
2.742863412
2.674291827
1.02857378
0.617144268
0.480001097
0.411429512
0.685715853
1.577146462
4.457153045
6.240014263
6.788586945
6.857158531
6.582872189
6.925730116
6.651443775
6.925730116
6.994301701
6.102871092
4.662867801
4.52572463
4.868582557
4.868582557
4.662867801
3.428579265
2.742863412
2.674291827
1.02857378
0.617144268
0.480001097
0.411429512
0.685715853
1.577146462
4.457153045
6.240014263
6.788586945
6.857158531
6.582872189
6.925730116
6.651443775
6.925730116
6.994301701
6.102871092
4.662867801
4.52572463
4.868582557
4.868582557
4.662867801
3.428579265
2.742863412
2.674291827
1.02857378
0.617144268
0.480001097
0.411429512
0.685715853
1.577146462
4.457153045
6.240014263
6.788586945
6.857158531
6.582872189
6.925730116
6.651443775
6.925730116
6.994301701
6.102871092
4.662867801
4.52572463
4.868582557
4.868582557
4.662867801
3.428579265
2.742863412
2.674291827
1.02857378
0.617144268
0.480001097
0.411429512
0.685715853
1.577146462
4.457153045
6.240014263
6.788586945
6.857158531
6.582872189
6.925730116
6.651443775
6.925730116
6.994301701
6.102871092
4.662867801
4.52572463
4.868582557
4.868582557
4.662867801
3.428579265
2.742863412
2.674291827
1.02857378
0.617144268
0.480001097
0.411429512
0.685715853
1.577146462
4.457153045
6.240014263
6.788586945
6.857158531
6.582872189
6.925730116
6.651443775
6.925730116
6.994301701
6.102871092
4.662867801
4.52572463
4.868582557
4.868582557
4.662867801
3.428579265
2.742863412
2.674291827
1.02857378
0.617144268
0.480001097
0.411429512
0.685715853
1.577146462
4.457153045
6.240014263
6.788586945
6.857158531
6.582872189
6.925730116
6.651443775
6.925730116
6.994301701
6.102871092
4.662867801
4.52572463
4.868582557
4.868582557
4.662867801
3.428579265
2.742863412
2.674291827
1.02857378
0.617144268
0.480001097
0.411429512
0.685715853
1.577146462
4.457153045
6.240014263
6.788586945
6.857158531
6.582872189
6.925730116
6.651443775
6.925730116
6.994301701
6.102871092
4.662867801
4.52572463
4.868582557
4.868582557
4.662867801
3.428579265
2.742863412
2.674291827
1.02857378
0.617144268
0.480001097
0.411429512
0.685715853
1.577146462
4.457153045
6.240014263
6.788586945
6.857158531
6.582872189
6.925730116
6.651443775
6.925730116
6.994301701
6.102871092
4.662867801
4.52572463
4.868582557
4.868582557
4.662867801
3.428579265
2.742863412
2.674291827
1.02857378
0.617144268
0.480001097
0.411429512
0.685715853
1.577146462
4.457153045
6.240014263
6.788586945
]';
function1=(exp(-shuru/T(1))/(T(1)-T(2))-exp(-shuru/T(2))/(T(1)-T(2))).*cc*T(3);
%T=[rand rand rand];
%model1=lsqnonlin(fun,T,t,x);
%model1=fun;
end
