function function2=fun2cchour(T,shuru)
%function1=T*shuru;
cc=[5.521126761
10.70422535
6.253521127
5.633802817
6.366197183
8.225352113
4.957746479
5.014084507
5.126760563
5.295774648
5.971830986
6.929577465
2.816901408
0.957746479
0.507042254
0.281690141
0.225352113
0.112676056
0.338028169
0.507042254
1.521126761
4.61971831
5.408450704
6.478873239
5.521126761
10.70422535
6.253521127
5.633802817
6.366197183
8.225352113
4.957746479
5.014084507
5.126760563
5.295774648
5.971830986
6.929577465
2.816901408
0.957746479
0.507042254
0.281690141
0.225352113
0.112676056
0.338028169
0.507042254
1.521126761
4.61971831
5.408450704
6.478873239
5.521126761
10.70422535
6.253521127
5.633802817
6.366197183
8.225352113
4.957746479
5.014084507
5.126760563
5.295774648
5.971830986
6.929577465
2.816901408
0.957746479
0.507042254
0.281690141
0.225352113
0.112676056
0.338028169
0.507042254
1.521126761
4.61971831
5.408450704
6.478873239
5.521126761
10.70422535
6.253521127
5.633802817
6.366197183
8.225352113
4.957746479
5.014084507
5.126760563
5.295774648
5.971830986
6.929577465
2.816901408
0.957746479
0.507042254
0.281690141
0.225352113
0.112676056
0.338028169
0.507042254
1.521126761
4.61971831
5.408450704
6.478873239
5.521126761
10.70422535
6.253521127
5.633802817
6.366197183
8.225352113
4.957746479
5.014084507
5.126760563
5.295774648
5.971830986
6.929577465
2.816901408
0.957746479
0.507042254
0.281690141
0.225352113
0.112676056
0.338028169
0.507042254
1.521126761
4.61971831
5.408450704
6.478873239
5.521126761
10.70422535
6.253521127
5.633802817
6.366197183
8.225352113
4.957746479
5.014084507
5.126760563
5.295774648
5.971830986
6.929577465
2.816901408
0.957746479
0.507042254
0.281690141
0.225352113
0.112676056
0.338028169
0.507042254
1.521126761
4.61971831
5.408450704
6.478873239
5.521126761
10.70422535
6.253521127
5.633802817
6.366197183
8.225352113
4.957746479
5.014084507
5.126760563
5.295774648
5.971830986
6.929577465
2.816901408
0.957746479
0.507042254
0.281690141
0.225352113
0.112676056
0.338028169
0.507042254
1.521126761
4.61971831
5.408450704
6.478873239
5.521126761
10.70422535
6.253521127
5.633802817
6.366197183
8.225352113
4.957746479
5.014084507
5.126760563
5.295774648
5.971830986
6.929577465
2.816901408
0.957746479
0.507042254
0.281690141
0.225352113
0.112676056
0.338028169
0.507042254
1.521126761
4.61971831
5.408450704
6.478873239
5.521126761
10.70422535
6.253521127
5.633802817
6.366197183
8.225352113
4.957746479
5.014084507
5.126760563
5.295774648
5.971830986
6.929577465
2.816901408
0.957746479
0.507042254
0.281690141
0.225352113
0.112676056
0.338028169
0.507042254
1.521126761
4.61971831
5.408450704
6.478873239
5.521126761
10.70422535
6.253521127
5.633802817
6.366197183
8.225352113
4.957746479
5.014084507
5.126760563
5.295774648
5.971830986
6.929577465
2.816901408
0.957746479
0.507042254
0.281690141
0.225352113
0.112676056
0.338028169
0.507042254
1.521126761
4.61971831
5.408450704
6.478873239
5.521126761
10.70422535
6.253521127
5.633802817
6.366197183
8.225352113
4.957746479
5.014084507
5.126760563
5.295774648
5.971830986
6.929577465
2.816901408
0.957746479
0.507042254
0.281690141
0.225352113
0.112676056
0.338028169
0.507042254
1.521126761
4.61971831
5.408450704
6.478873239
5.521126761
10.70422535
6.253521127
5.633802817
6.366197183
8.225352113
4.957746479
5.014084507
5.126760563
5.295774648
5.971830986
6.929577465
2.816901408
0.957746479
0.507042254
0.281690141
0.225352113
0.112676056
0.338028169
0.507042254
1.521126761
4.61971831
5.408450704
6.478873239
5.521126761
10.70422535
6.253521127
5.633802817
6.366197183
8.225352113
4.957746479
5.014084507
5.126760563
5.295774648
5.971830986
6.929577465
2.816901408
0.957746479
0.507042254
0.281690141
0.225352113
0.112676056
0.338028169
0.507042254
1.521126761
4.61971831
5.408450704
6.478873239
5.521126761
10.70422535
6.253521127
5.633802817
6.366197183
8.225352113
4.957746479
5.014084507
5.126760563
5.295774648
5.971830986
6.929577465
2.816901408
0.957746479
0.507042254
0.281690141
0.225352113
0.112676056
0.338028169
0.507042254
1.521126761
4.61971831
5.408450704
6.478873239
5.521126761
10.70422535
6.253521127
5.633802817
6.366197183
8.225352113
4.957746479
5.014084507
5.126760563
5.295774648
5.971830986
6.929577465
2.816901408
0.957746479
0.507042254
0.281690141
0.225352113
0.112676056
0.338028169
0.507042254
1.521126761
4.61971831
5.408450704
6.478873239
5.521126761
10.70422535
6.253521127
5.633802817
6.366197183
8.225352113
4.957746479
5.014084507
5.126760563
5.295774648
5.971830986
6.929577465
2.816901408
0.957746479
0.507042254
0.281690141
0.225352113
0.112676056
0.338028169
0.507042254
1.521126761
4.61971831
5.408450704
6.478873239
5.521126761
10.70422535
6.253521127
5.633802817
6.366197183
8.225352113
4.957746479
5.014084507
5.126760563
5.295774648
5.971830986
6.929577465
2.816901408
0.957746479
0.507042254
0.281690141
0.225352113
0.112676056
0.338028169
0.507042254
1.521126761
4.61971831
5.408450704
]';
function2=T(2)*shuru.*exp(-shuru/T(1))/(T(1)*T(1)).*cc;
%T=[rand rand rand];
%model1=lsqnonlin(fun,T,t,x);
%model1=fun;
end
